1 13
2 13
3 13
4 13
5 13
6 13
7 13
8 13
9 13
10 13
11 13
12 13
13 13
14 13
15 13
16 13
17 13
18 13
19 13
20 13
21 13
22 13
23 13
24 13
25 13
26 13
27 13
28 13
29 13
30 13
31 13
32 13
33 13
34 13
35 13
36 13
37 13
38 13
39 13
40 13
41 13
42 13
43 13
44 13
45 13
46 13
47 13
48 13
49 13
50 13
51 13
52 13
53 13
54 13
55 13
56 13
57 13
58 13
59 13
60 13
61 13
62 13
63 13
64 13
65 13
66 13
67 13
68 13
69 13
70 13
71 13
72 13
73 13
74 13
75 13
76 13
77 13
78 13
79 13
80 13
81 13
82 13
83 13
84 13
85 13
86 13
87 13
88 13
89 13
90 13
91 13
92 13
93 13
94 13
95 13
96 13
97 13
98 13
99 13
100 13
101 13
102 13
103 13
104 13
105 13
106 13
107 13
108 13
109 13
110 13
111 13
112 13
113 13
114 13
115 13
116 13
117 13
118 13
119 13
120 13
121 13
122 13
123 13
124 13
125 13
126 13
127 13
128 13
129 13
130 13
131 13
132 13
133 13
134 13
135 13
136 13
137 13
138 13
139 13
140 13
141 13
142 13
143 13
144 13
145 13
146 13
147 13
148 13
149 13
150 13
151 13
152 13
153 13
154 13
155 13
156 13
157 13
158 13
159 13
160 13
161 13
162 13
163 13
164 13
165 13
166 13
167 13
168 13
169 13
170 13
171 13
172 13
173 13
174 13
175 13
176 13
177 13
178 13
179 13
180 13
181 12
182 12
183 12
184 12
185 12
186 12
187 12
188 12
189 12
190 12
191 12
192 12
193 12
194 12
195 12
196 12
197 12
198 12
199 12
200 12
201 12
202 12
203 12
204 12
205 12
206 12
207 12
208 12
209 12
210 12
211 12
212 12
213 12
214 12
215 12
216 12
217 12
218 12
219 12
220 12
221 12
222 12
223 12
224 12
225 12
226 12
227 12
228 12
229 12
230 12
231 12
232 12
233 12
234 12
235 12
236 12
237 12
238 12
239 12
240 12
241 12
242 12
243 12
244 12
245 12
246 12
247 12
248 12
249 12
250 12
251 12
252 12
253 12
254 12
255 12
256 12
257 12
258 12
259 12
260 12
261 12
262 12
263 12
264 12
265 12
266 12
267 12
268 12
269 12
270 12
271 12
272 12
273 12
274 12
275 12
276 12
277 12
278 12
279 12
280 12
281 12
282 12
283 12
284 12
285 12
286 12
287 12
288 12
289 12
290 12
291 12
292 12
293 12
294 12
295 12
296 12
297 12
298 12
299 12
300 12
301 12
302 12
303 12
304 12
305 12
306 12
307 12
308 12
309 12
310 12
311 12
312 12
313 12
314 12
315 12
316 12
317 12
318 12
319 12
320 12
321 12
322 12
323 12
324 12
325 12
326 12
327 12
328 12
329 12
330 12
331 12
332 12
333 12
334 12
335 12
336 12
337 12
338 12
339 12
340 12
341 12
342 12
343 12
344 12
345 12
346 12
347 12
348 12
349 12
350 12
351 12
352 12
353 12
354 12
355 12
356 12
357 12
358 12
359 12
360 12
361 12
362 12
363 12
364 12
365 12
366 12
367 12
368 12
369 12
370 12
371 12
372 12
373 12
374 12
375 12
376 12
377 12
378 12
379 12
380 12
381 12
382 12
383 12
384 12
385 12
386 12
387 12
388 12
389 12
390 12
391 12
392 12
393 12
394 12
395 12
396 12
397 12
398 12
399 12
400 12
401 12
402 12
403 12
404 12
405 12
406 12
407 12
408 12
409 12
410 12
411 12
412 12
413 12
414 12
415 12
416 12
417 12
418 12
419 12
420 12
421 12
422 12
423 12
424 12
425 12
426 12
427 12
428 12
429 12
430 12
431 12
432 12
433 12
434 12
435 12
436 12
437 12
438 12
439 12
440 12
441 12
442 12
443 12
444 12
445 12
446 12
447 12
448 12
449 12
450 12
451 12
452 12
453 12
454 12
455 12
456 12
457 12
458 12
459 12
460 12
461 12
462 12
463 12
464 12
465 12
466 12
467 12
468 12
469 12
470 12
471 12
472 12
473 12
474 12
475 12
476 12
477 12
478 12
479 12
480 12
481 12
482 12
483 12
484 12
485 12
486 12
487 12
488 12
489 12
490 12
491 12
492 12
493 12
494 12
495 12
496 12
497 12
498 12
499 12
500 12
501 11
502 11
503 11
504 11
505 11
506 11
507 11
508 11
509 11
510 11
511 11
512 11
513 11
514 11
515 11
516 11
517 11
518 11
519 11
520 11
521 11
522 11
523 11
524 11
525 11
526 11
527 11
528 11
529 11
530 11
531 11
532 11
533 11
534 11
535 11
536 11
537 11
538 11
539 11
540 11
541 11
542 11
543 11
544 11
545 11
546 11
547 11
548 11
549 11
550 11
551 11
552 11
553 11
554 11
555 11
556 11
557 11
558 11
559 11
560 11
561 11
562 11
563 11
564 11
565 11
566 11
567 11
568 11
569 11
570 11
571 11
572 11
573 11
574 11
575 11
576 11
577 11
578 11
579 11
580 11
581 11
582 11
583 11
584 11
585 11
586 11
587 11
588 11
589 11
590 11
591 11
592 11
593 11
594 11
595 11
596 11
597 11
598 11
599 11
600 11
601 11
602 11
603 11
604 11
605 11
606 11
607 11
608 11
609 11
610 11
611 11
612 11
613 11
614 11
615 11
616 11
617 11
618 11
619 11
620 11
621 11
622 11
623 11
624 11
625 11
626 11
627 11
628 11
629 11
630 11
631 11
632 11
633 11
634 11
635 11
636 11
637 11
638 11
639 11
640 11
641 11
642 11
643 11
644 11
645 11
646 11
647 11
648 11
649 11
650 11
651 11
652 11
653 11
654 11
655 11
656 11
657 11
658 11
659 11
660 11
661 11
662 11
663 11
664 11
665 11
666 11
667 11
668 11
669 11
670 11
671 11
672 11
673 11
674 11
675 11
676 11
677 11
678 11
679 11
680 11
681 11
682 11
683 11
684 11
685 11
686 11
687 11
688 11
689 11
690 11
691 11
692 11
693 11
694 11
695 11
696 11
697 11
698 11
699 11
700 11
701 11
702 11
703 11
704 11
705 11
706 11
707 11
708 11
709 11
710 11
711 11
712 11
713 11
714 11
715 11
716 11
717 11
718 11
719 11
720 11
721 11
722 11
723 11
724 11
725 11
726 11
727 11
728 11
729 11
730 11
731 11
732 11
733 11
734 11
735 11
736 11
737 11
738 11
739 11
740 11
741 11
742 11
743 11
744 11
745 11
746 11
747 11
748 11
749 11
750 11
751 11
752 11
753 11
754 11
755 11
756 11
757 11
758 11
759 11
760 11
761 11
762 11
763 11
764 11
765 11
766 11
767 11
768 11
769 11
770 11
771 10
772 10
773 10
774 10
775 10
776 10
777 10
778 10
779 10
780 10
781 10
782 10
783 10
784 10
785 10
786 10
787 10
788 10
789 10
790 10
791 10
792 10
793 10
794 10
795 10
796 10
797 10
798 10
799 10
800 10
801 10
802 10
803 10
804 10
805 10
806 10
807 10
808 10
809 10
810 10
811 10
812 10
813 10
814 10
815 10
816 10
817 10
818 10
819 10
820 10
821 10
822 10
823 10
824 10
825 10
826 10
827 10
828 10
829 10
830 10
831 10
832 10
833 10
834 10
835 10
836 10
837 10
838 10
839 10
840 10
841 10
842 10
843 10
844 10
845 10
846 10
847 10
848 10
849 10
850 10
851 10
852 10
853 10
854 10
855 10
856 10
857 10
858 10
859 10
860 10
861 10
862 10
863 10
864 10
865 10
866 10
867 10
868 10
869 10
870 10
871 10
872 10
873 10
874 10
875 10
876 10
877 10
878 10
879 10
880 10
881 10
882 10
883 10
884 10
885 10
886 10
887 10
888 10
889 10
890 10
891 10
892 10
893 10
894 10
895 10
896 10
897 10
898 10
899 10
900 10
901 10
902 10
903 10
904 10
905 10
906 10
907 10
908 10
909 10
910 10
911 10
912 10
913 10
914 10
915 10
916 10
917 10
918 10
919 10
920 10
921 10
922 10
923 10
924 10
925 10
926 10
927 10
928 10
929 10
930 10
931 10
932 10
933 10
934 10
935 10
936 10
937 10
938 10
939 10
940 10
941 10
942 10
943 10
944 10
945 10
946 10
947 10
948 10
949 10
950 10
951 10
952 10
953 10
954 10
955 10
956 10
957 10
958 10
959 10
960 10
961 10
962 10
963 10
964 10
965 10
966 10
967 10
968 10
969 10
970 10
971 10
972 10
973 10
974 10
975 10
976 10
977 10
978 10
979 10
980 10
981 10
982 10
983 10
984 10
985 10
986 10
987 10
988 10
989 10
990 10
991 10
992 10
993 10
994 10
995 10
996 10
997 10
998 10
999 10
1000 10
1001 10
1002 10
1003 10
1004 10
1005 10
1006 10
1007 10
1008 10
1009 10
1010 10
1011 10
1012 10
1013 10
1014 10
1015 10
1016 10
1017 10
1018 10
1019 10
1020 10
1021 10
1022 10
1023 10
1024 10
1025 10
1026 10
1027 10
1028 10
1029 10
1030 10
1031 10
1032 10
1033 10
1034 10
1035 10
1036 10
1037 10
1038 10
1039 10
1040 10
1041 10
1042 10
1043 10
1044 10
1045 10
1046 10
1047 10
1048 10
1049 10
1050 10
1051 10
1052 10
1053 10
1054 10
1055 10
1056 10
1057 10
1058 10
1059 11
1060 11
1061 11
1062 11
1063 11
1064 11
1065 11
1066 11
1067 11
1068 11
1069 11
1070 11
1071 11
1072 11
1073 11
1074 11
1075 11
1076 11
1077 11
1078 11
1079 11
1080 11
1081 11
1082 11
1083 11
1084 11
1085 11
1086 11
1087 11
1088 11
1089 11
1090 11
1091 11
1092 11
1093 11
1094 11
1095 11
1096 11
1097 11
1098 11
1099 11
1100 11
1101 11
1102 11
1103 11
1104 11
1105 11
1106 11
1107 11
1108 11
1109 11
1110 11
1111 11
1112 11
1113 11
1114 11
1115 11
1116 11
1117 11
1118 11
1119 11
1120 11
1121 11
1122 11
1123 11
1124 11
1125 11
1126 11
1127 11
1128 11
1129 11
1130 11
1131 11
1132 11
1133 11
1134 11
1135 11
1136 11
1137 11
1138 11
1139 11
1140 11
1141 11
1142 11
1143 11
1144 11
1145 11
1146 11
1147 11
1148 11
1149 11
1150 11
1151 11
1152 11
1153 11
1154 11
1155 11
1156 11
1157 11
1158 11
1159 11
1160 11
1161 11
1162 11
1163 11
1164 11
1165 11
1166 11
1167 11
1168 11
1169 11
1170 11
1171 11
1172 11
1173 11
1174 11
1175 11
1176 11
1177 11
1178 11
1179 11
1180 11
1181 11
1182 11
1183 11
1184 11
1185 11
1186 11
1187 11
1188 11
1189 11
1190 11
1191 11
1192 11
1193 11
1194 11
1195 11
1196 11
1197 11
1198 11
1199 11
1200 11
1201 11
1202 11
1203 11
1204 11
1205 11
1206 11
1207 11
1208 11
1209 11
1210 11
1211 11
1212 11
1213 11
1214 11
1215 11
1216 11
1217 11
1218 11
1219 11
1220 11
1221 11
1222 11
1223 11
1224 11
1225 11
1226 11
1227 11
1228 11
1229 11
1230 11
1231 11
1232 11
1233 11
1234 11
1235 11
1236 11
1237 11
1238 11
1239 11
1240 11
1241 11
1242 11
1243 11
1244 11
1245 11
1246 11
1247 11
1248 11
1249 11
1250 11
1251 11
1252 11
1253 11
1254 11
1255 11
1256 11
1257 11
1258 11
1259 11
1260 11
1261 11
1262 11
1263 11
1264 11
1265 11
1266 11
1267 11
1268 11
1269 11
1270 11
1271 11
1272 11
1273 11
1274 11
1275 11
1276 11
1277 11
1278 11
1279 11
1280 11
1281 11
1282 11
1283 11
1284 11
1285 11
1286 11
1287 11
1288 11
1289 11
1290 11
1291 11
1292 11
1293 11
1294 11
1295 11
1296 11
1297 11
1298 11
1299 11
1300 11
1301 11
1302 11
1303 11
1304 11
1305 11
1306 11
1307 11
1308 11
1309 11
1310 11
1311 11
1312 11
1313 11
1314 11
1315 11
1316 11
1317 11
1318 11
1319 11
1320 11
1321 11
1322 11
1323 11
1324 11
1325 11
1326 11
1327 11
1328 11
1329 11
1330 11
1331 11
1332 11
1333 11
1334 11
1335 11
1336 11
1337 10
1338 10
1339 10
1340 10
1341 10
1342 10
1343 10
1344 10
1345 10
1346 10
1347 10
1348 10
1349 10
1350 10
1351 10
1352 10
1353 10
1354 10
1355 10
1356 10
1357 10
1358 10
1359 10
1360 10
1361 10
1362 10
1363 10
1364 10
1365 10
1366 10
1367 10
1368 10
1369 10
1370 10
1371 10
1372 10
1373 10
1374 10
1375 10
1376 10
1377 10
1378 10
1379 10
1380 10
1381 10
1382 10
1383 10
1384 10
1385 10
1386 10
1387 10
1388 10
1389 10
1390 10
1391 10
1392 10
1393 10
1394 10
1395 10
1396 10
1397 10
1398 10
1399 10
1400 10
1401 10
1402 10
1403 10
1404 10
1405 10
1406 10
1407 10
1408 10
1409 10
1410 10
1411 10
1412 10
1413 9
1414 9
1415 9
1416 9
1417 9
1418 9
1419 9
1420 9
1421 9
1422 9
1423 9
1424 9
1425 9
1426 9
1427 9
1428 9
1429 9
1430 9
1431 9
1432 9
1433 9
1434 9
1435 9
1436 9
1437 9
1438 9
1439 9
1440 9
1441 9
1442 9
1443 9
1444 9
1445 9
1446 9
1447 9
1448 9
1449 9
1450 9
1451 9
1452 8
1453 9
1454 9
1455 9
1456 9
1457 9
1458 9
1459 9
1460 9
1461 9
1462 9
1463 9
1464 9
1465 9
1466 9
1467 9
1468 9
1469 9
1470 9
1471 9
1472 9
1473 9
1474 9
1475 9
1476 9
1477 9
1478 9
1479 9
1480 9
1481 9
1482 9
1483 9
1484 9
1485 9
1486 9
1487 9
1488 9
1489 9
1490 9
1491 9
1492 9
1493 9
1494 9
1495 9
1496 9
1497 9
1498 9
1499 9
1500 9
1501 9
1502 9
1503 9
1504 9
1505 9
1506 9
1507 9
1508 9
1509 9
1510 9
1511 9
1512 9
1513 9
1514 9
1515 9
1516 9
1517 9
1518 9
1519 9
1520 9
1521 9
1522 9
1523 9
1524 9
1525 9
1526 9
1527 9
1528 9
1529 9
1530 9
1531 9
1532 9
1533 9
1534 9
1535 9
1536 9
1537 9
1538 9
1539 9
1540 9
1541 9
1542 9
1543 9
1544 9
1545 9
1546 9
1547 9
1548 9
1549 9
1550 9
1551 9
1552 9
1553 9
1554 9
1555 9
1556 9
1557 9
1558 9
1559 9
1560 9
1561 9
1562 9
1563 9
1564 9
1565 9
1566 9
1567 9
1568 9
1569 9
1570 9
1571 9
1572 9
1573 9
1574 9
1575 9
1576 9
1577 9
1578 9
1579 9
1580 9
1581 9
1582 9
1583 9
1584 9
1585 9
1586 9
1587 9
1588 9
1589 9
1590 9
1591 9
1592 9
1593 9
1594 9
1595 9
1596 9
1597 9
1598 9
1599 9
1600 9
1601 9
1602 9
1603 9
1604 9
1605 9
1606 9
1607 9
1608 9
1609 9
1610 9
1611 9
1612 9
1613 9
1614 9
1615 9
1616 8
1617 8
1618 8
1619 8
1620 8
1621 8
1622 8
1623 8
1624 8
1625 8
1626 8
1627 8
1628 8
1629 8
1630 8
1631 8
1632 8
1633 8
1634 8
1635 8
1636 8
1637 8
1638 8
1639 8
1640 8
1641 8
1642 8
1643 8
1644 8
1645 8
1646 8
1647 8
1648 8
1649 8
1650 8
1651 8
1652 8
1653 8
1654 8
1655 8
1656 8
1657 8
1658 8
1659 8
1660 8
1661 8
1662 8
1663 8
1664 8
1665 8
1666 8
1667 8
1668 8
1669 8
1670 8
1671 8
1672 8
1673 8
1674 8
1675 8
1676 8
1677 8
1678 8
1679 8
1680 8
1681 8
1682 8
1683 8
1684 8
1685 8
1686 8
1687 8
1688 8
1689 8
1690 8
1691 8
1692 8
1693 8
1694 8
1695 8
1696 8
1697 8
1698 8
1699 8
1700 8
1701 8
1702 8
1703 8
1704 8
1705 8
1706 8
1707 8
1708 8
1709 8
1710 8
1711 8
1712 8
1713 8
1714 8
1715 8
1716 8
1717 8
1718 8
1719 8
1720 8
1721 8
1722 8
1723 8
1724 8
1725 8
1726 8
1727 8
1728 8
1729 8
1730 8
1731 8
1732 8
1733 8
1734 8
1735 8
1736 8
1737 8
1738 8
1739 8
1740 8
1741 8
1742 8
1743 8
1744 8
1745 8
1746 8
1747 8
1748 8
1749 8
1750 8
1751 8
1752 8
1753 8
1754 8
1755 8
1756 8
1757 8
1758 8
1759 8
1760 8
1761 8
1762 8
1763 8
1764 8
1765 8
1766 8
1767 8
1768 8
1769 8
1770 8
1771 8
1772 8
1773 8
1774 8
1775 8
1776 8
1777 8
1778 8
1779 8
1780 8
1781 8
1782 8
1783 8
1784 8
1785 8
1786 8
1787 8
1788 8
1789 8
1790 8
1791 8
1792 8
1793 8
1794 8
1795 8
1796 8
1797 8
1798 8
1799 8
1800 8
1801 8
1802 8
1803 8
1804 8
1805 8
1806 8
1807 8
1808 8
1809 8
1810 8
1811 8
1812 8
1813 8
1814 8
1815 8
1816 8
1817 8
1818 8
1819 8
1820 8
1821 8
1822 8
1823 8
1824 8
1825 8
1826 8
1827 8
1828 8
1829 8
1830 8
1831 8
1832 8
1833 8
1834 8
1835 8
1836 8
1837 8
1838 8
1839 8
1840 8
1841 8
1842 8
1843 8
1844 8
1845 8
1846 8
1847 8
1848 8
1849 8
1850 8
1851 8
1852 8
1853 8
1854 8
1855 8
1856 8
1857 8
1858 8
1859 8
1860 8
1861 8
1862 8
1863 8
1864 8
1865 8
1866 8
1867 8
1868 8
1869 8
1870 8
1871 8
1872 8
1873 8
1874 8
1875 8
1876 8
1877 8
1878 8
1879 8
1880 8
1881 8
1882 8
1883 8
1884 8
1885 8
1886 8
1887 8
1888 8
1889 8
1890 8
1891 8
1892 8
1893 8
1894 8
1895 8
1896 8
1897 8
1898 8
1899 8
1900 8
1901 8
1902 8
1903 8
1904 8
1905 8
1906 8
1907 8
1908 8
1909 8
1910 8
1911 8
1912 8
1913 8
1914 8
1915 8
1916 8
1917 8
1918 8
1919 8
1920 8
1921 8
1922 8
1923 8
1924 8
1925 8
1926 8
1927 8
1928 8
1929 8
1930 8
1931 8
1932 8
1933 8
1934 8
1935 8
1936 8
1937 8
1938 8
1939 8
1940 8
1941 8
1942 8
1943 8
1944 8
1945 8
1946 8
1947 8
1948 8
1949 8
1950 8
1951 8
1952 8
1953 8
1954 8
1955 8
1956 8
1957 8
1958 8
1959 8
1960 8
1961 8
1962 8
1963 8
1964 8
1965 8
1966 8
1967 8
1968 8
1969 8
1970 8
1971 8
1972 8
1973 8
1974 8
1975 8
1976 8
1977 8
1978 8
1979 8
1980 8
1981 8
1982 8
1983 8
1984 8
1985 8
1986 8
1987 8
1988 8
1989 8
1990 8
1991 8
1992 8
1993 8
1994 8
1995 8
1996 8
1997 8
1998 8
1999 8
2000 8
2001 8
2002 8
2003 8
2004 8
2005 8
2006 8
2007 8
2008 8
2009 8
2010 8
2011 8
2012 8
2013 8
2014 8
2015 8
2016 8
2017 8
2018 7
2019 7
2020 7
2021 7
2022 7
2023 7
2024 7
2025 7
2026 7
2027 7
2028 7
2029 7
2030 7
2031 7
2032 7
2033 7
2034 7
2035 7
2036 7
2037 7
2038 7
2039 7
2040 7
2041 7
2042 7
2043 7
2044 7
2045 7
2046 7
2047 7
2048 7
2049 7
2050 7
2051 7
2052 7
2053 7
2054 7
2055 7
2056 7
2057 7
2058 7
2059 7
2060 7
2061 7
2062 7
2063 7
2064 7
2065 7
2066 7
2067 7
2068 7
2069 7
2070 7
2071 7
2072 7
2073 7
2074 7
2075 7
2076 7
2077 7
2078 7
2079 7
2080 7
2081 7
2082 7
2083 7
2084 7
2085 7
2086 7
2087 7
2088 7
2089 7
2090 7
2091 7
2092 7
2093 7
2094 7
2095 7
2096 7
2097 7
2098 7
2099 7
2100 7
2101 7
2102 7
2103 7
2104 7
2105 7
2106 7
2107 7
2108 7
2109 7
2110 7
2111 7
2112 7
2113 7
2114 7
2115 7
2116 7
2117 7
2118 7
2119 7
2120 7
2121 7
2122 7
2123 7
2124 7
2125 7
2126 7
2127 7
2128 7
2129 7
2130 7
2131 7
2132 7
2133 7
2134 7
2135 7
2136 7
2137 7
2138 7
2139 7
2140 7
2141 7
2142 7
2143 7
2144 7
2145 7
2146 7
2147 7
2148 7
2149 7
2150 7
2151 7
2152 7
2153 7
2154 7
2155 7
2156 7
2157 7
2158 7
2159 7
2160 7
2161 7
2162 7
2163 7
2164 7
2165 7
2166 7
2167 7
2168 7
2169 7
2170 7
2171 7
2172 7
2173 7
2174 7
2175 7
2176 7
2177 7
2178 7
2179 7
2180 7
2181 7
2182 7
2183 7
2184 7
2185 7
2186 7
2187 7
2188 7
2189 7
2190 7
2191 7
2192 7
2193 7
2194 6
2195 6
2196 6
2197 6
2198 6
2199 6
2200 6
2201 6
2202 6
2203 6
2204 6
2205 6
2206 6
2207 6
2208 6
2209 6
2210 6
2211 6
2212 6
2213 6
2214 6
2215 6
2216 6
2217 6
2218 6
2219 6
2220 6
2221 6
2222 6
2223 6
2224 6
2225 6
2226 6
2227 6
2228 6
2229 6
2230 6
2231 6
2232 6
2233 6
2234 6
2235 6
2236 6
2237 6
2238 6
2239 6
2240 6
2241 6
2242 6
2243 6
2244 6
2245 6
2246 6
2247 6
2248 6
2249 6
2250 6
2251 6
2252 6
2253 6
2254 6
2255 6
2256 6
2257 6
2258 6
2259 6
2260 6
2261 6
2262 6
2263 6
2264 6
2265 6
2266 6
2267 6
2268 6
2269 6
2270 6
2271 6
2272 6
2273 6
2274 6
2275 6
2276 6
2277 6
2278 6
2279 6
2280 6
2281 6
2282 6
2283 6
2284 6
2285 6
2286 6
2287 6
2288 6
2289 6
2290 6
2291 6
2292 6
2293 6
2294 6
2295 6
2296 6
2297 6
2298 6
2299 6
2300 6
2301 6
2302 6
2303 5
2304 5
2305 5
2306 5
2307 5
2308 5
2309 5
2310 5
2311 5
2312 5
2313 5
2314 5
2315 5
2316 5
2317 5
2318 5
2319 5
2320 5
2321 5
2322 5
2323 5
2324 5
2325 5
2326 5
2327 5
2328 5
2329 5
2330 5
2331 5
2332 5
2333 5
2334 5
2335 5
2336 5
2337 5
2338 5
2339 5
2340 5
2341 5
2342 5
2343 5
2344 5
2345 5
2346 5
2347 5
2348 5
2349 5
2350 5
2351 5
2352 5
2353 5
2354 5
2355 5
2356 5
2357 5
2358 5
2359 5
2360 5
2361 5
2362 5
2363 5
2364 5
2365 5
2366 5
2367 5
2368 5
2369 5
2370 5
2371 5
2372 5
2373 5
2374 5
2375 5
2376 5
2377 5
2378 5
2379 5
2380 5
2381 5
2382 5
2383 5
2384 5
2385 5
2386 5
2387 5
2388 5
2389 5
2390 5
2391 5
2392 5
2393 5
2394 5
2395 5
2396 5
2397 5
2398 5
2399 5
2400 5
2401 5
2402 5
2403 5
2404 5
2405 5
2406 5
2407 5
2408 5
2409 5
2410 5
2411 5
2412 5
2413 5
2414 5
2415 5
2416 5
2417 5
2418 5
2419 5
2420 5
2421 5
2422 5
2423 5
2424 5
2425 5
2426 5
2427 5
2428 5
2429 5
2430 5
2431 5
2432 5
2433 5
2434 5
2435 5
2436 5
2437 5
2438 5
2439 5
2440 5
2441 5
2442 5
2443 5
2444 5
2445 5
2446 5
2447 5
2448 5
2449 4
2450 4
2451 4
2452 4
2453 4
2454 4
2455 4
2456 4
2457 4
2458 4
2459 4
2460 4
2461 4
2462 4
2463 4
2464 4
2465 4
2466 4
2467 4
2468 4
2469 4
2470 4
2471 4
2472 4
2473 4
2474 4
2475 4
2476 4
2477 4
2478 4
2479 4
2480 4
2481 4
2482 4
2483 4
2484 4
2485 4
2486 4
2487 4
2488 4
2489 4
2490 4
2491 4
2492 4
2493 4
2494 4
2495 4
2496 4
2497 4
2498 4
2499 4
2500 4
2501 4
2502 4
2503 4
2504 4
2505 4
2506 4
2507 4
2508 4
2509 4
2510 4
2511 4
2512 4
2513 4
2514 4
2515 4
2516 4
2517 4
2518 4
2519 4
2520 4
2521 4
2522 4
2523 4
2524 4
2525 4
2526 4
2527 4
2528 4
2529 4
2530 4
2531 4
2532 4
2533 4
2534 4
2535 4
2536 4
2537 4
2538 4
2539 4
2540 4
2541 4
2542 4
2543 4
2544 4
2545 4
2546 4
2547 4
2548 4
2549 4
2550 4
2551 4
2552 4
2553 4
2554 4
2555 4
2556 4
2557 4
2558 4
2559 4
2560 4
2561 4
2562 4
2563 4
2564 4
2565 4
2566 4
2567 4
2568 4
2569 4
2570 4
2571 4
2572 4
2573 4
2574 4
2575 4
2576 4
2577 4
2578 4
2579 4
2580 4
2581 4
2582 4
2583 4
2584 4
2585 4
2586 4
2587 4
2588 4
2589 4
2590 4
2591 4
2592 4
2593 4
2594 4
2595 4
2596 4
2597 4
2598 4
2599 4
2600 4
2601 4
2602 4
2603 4
2604 4
2605 4
2606 4
2607 4
2608 4
2609 4
2610 4
2611 4
2612 4
2613 4
2614 4
2615 4
2616 4
2617 4
2618 4
2619 4
2620 4
2621 4
2622 4
2623 4
2624 4
2625 4
2626 4
2627 4
2628 4
2629 4
2630 4
2631 4
2632 4
2633 4
2634 4
2635 4
2636 4
2637 4
2638 4
2639 4
2640 4
2641 4
2642 4
2643 4
2644 4
2645 4
2646 4
2647 4
2648 4
2649 4
2650 4
2651 4
2652 4
2653 4
2654 4
2655 4
2656 4
2657 4
2658 4
2659 4
2660 4
2661 4
2662 4
2663 4
2664 4
2665 4
2666 4
2667 4
2668 4
2669 4
2670 4
2671 4
2672 4
2673 4
2674 4
2675 4
2676 4
2677 4
2678 4
2679 4
2680 4
2681 4
2682 4
2683 4
2684 4
2685 4
2686 4
2687 4
2688 4
2689 4
2690 4
2691 4
2692 4
2693 4
2694 4
2695 4
2696 4
2697 4
2698 4
2699 4
2700 4
2701 4
2702 4
2703 4
2704 4
2705 4
2706 4
2707 4
2708 4
2709 4
2710 4
2711 4
2712 4
2713 4
2714 4
2715 4
2716 4
2717 4
2718 4
2719 4
2720 4
2721 4
2722 4
2723 4
2724 4
2725 4
2726 4
2727 4
2728 4
2729 4
2730 4
2731 4
2732 4
2733 4
2734 4
2735 4
2736 4
2737 4
2738 4
2739 4
2740 4
2741 4
2742 4
2743 4
2744 4
2745 4
2746 4
2747 4
2748 4
2749 4
2750 4
2751 4
2752 4
2753 4
2754 4
2755 4
2756 4
2757 4
2758 4
2759 4
2760 4
2761 4
2762 4
2763 4
2764 4
2765 4
2766 4
2767 4
2768 4
2769 4
2770 4
2771 4
2772 4
2773 4
2774 4
2775 4
2776 4
2777 4
2778 4
2779 4
2780 4
2781 4
2782 4
2783 4
2784 4
2785 4
2786 4
2787 4
2788 4
2789 4
2790 4
2791 4
2792 4
2793 4
2794 4
2795 4
2796 4
2797 4
2798 4
2799 4
2800 4
2801 4
2802 4
2803 4
2804 4
2805 4
2806 4
2807 4
2808 4
2809 4
2810 4
2811 4
2812 4
2813 4
2814 4
2815 4
2816 4
2817 4
2818 4
2819 4
2820 4
2821 4
2822 4
2823 4
2824 4
2825 4
2826 4
2827 4
2828 4
2829 4
2830 4
2831 4
2832 4
2833 4
2834 4
2835 4
2836 4
2837 4
2838 4
2839 4
2840 4
2841 4
2842 4
2843 4
2844 4
2845 4
2846 4
2847 4
2848 4
2849 4
2850 4
2851 4
2852 4
2853 4
2854 4
2855 4
2856 4
2857 4
2858 4
2859 4
2860 4
2861 4
2862 4
2863 4
2864 4
2865 4
2866 4
2867 4
2868 4
2869 4
2870 4
2871 4
2872 4
2873 4
2874 4
2875 4
2876 4
2877 4
2878 4
2879 4
2880 4
2881 4
2882 4
2883 4
2884 4
2885 4
2886 4
2887 4
2888 4
2889 4
2890 4
2891 4
2892 4
2893 4
2894 4
2895 4
2896 4
2897 4
2898 4
2899 4
2900 4
2901 4
2902 4
2903 4
2904 4
2905 4
2906 4
2907 4
2908 4
2909 4
2910 4
2911 4
2912 4
2913 4
2914 4
2915 4
2916 4
2917 4
2918 4
2919 4
2920 4
2921 4
2922 4
2923 4
2924 4
2925 4
2926 4
2927 4
2928 4
2929 4
2930 4
2931 4
2932 4
2933 4
2934 4
2935 4
2936 4
2937 4
2938 4
2939 4
2940 4
2941 4
2942 4
2943 4
2944 4
2945 4
2946 4
2947 4
2948 4
2949 4
2950 4
2951 4
2952 4
2953 4
2954 4
2955 4
2956 4
2957 4
2958 4
2959 4
2960 4
2961 4
2962 4
2963 4
2964 4
2965 4
2966 4
2967 4
2968 4
2969 4
2970 4
2971 4
2972 4
2973 4
2974 4
2975 4
2976 4
2977 4
2978 4
2979 4
2980 4
2981 4
2982 4
2983 4
2984 4
2985 4
2986 4
2987 4
2988 4
2989 4
2990 4
2991 4
2992 4
2993 4
2994 4
2995 4
2996 4
2997 4
2998 4
2999 4
3000 4
3001 4
3002 4
3003 4
3004 4
3005 4
3006 4
3007 4
3008 4
3009 4
3010 4
3011 4
3012 4
3013 4
3014 4
3015 4
3016 4
3017 4
3018 4
3019 4
3020 4
3021 4
3022 4
3023 4
3024 4
3025 4
3026 4
3027 4
3028 4
3029 4
3030 4
3031 4
3032 4
3033 4
3034 4
3035 4
3036 4
3037 4
3038 4
3039 4
3040 4
3041 4
3042 4
3043 4
3044 4
3045 4
3046 4
3047 4
3048 4
3049 4
3050 4
3051 4
3052 4
3053 4
3054 4
3055 4
3056 4
3057 4
3058 4
3059 4
3060 4
3061 4
3062 4
3063 4
3064 4
3065 4
3066 4
3067 4
3068 4
3069 4
3070 4
3071 4
3072 4
3073 4
3074 4
3075 4
3076 4
3077 4
3078 4
3079 4
3080 4
3081 4
3082 4
3083 4
3084 4
3085 4
3086 4
3087 4
3088 4
3089 4
3090 4
3091 4
3092 4
3093 4
3094 4
3095 4
3096 4
3097 4
3098 4
3099 4
3100 4
3101 4
3102 4
3103 4
3104 4
3105 4
3106 4
3107 4
3108 4
3109 4
3110 4
3111 4
3112 4
3113 4
3114 4
3115 4
3116 4
3117 4
3118 4
3119 4
3120 4
3121 4
3122 4
3123 4
3124 4
3125 4
3126 4
3127 4
3128 4
3129 4
3130 4
3131 4
3132 4
3133 4
3134 4
3135 4
3136 4
3137 4
3138 4
3139 4
3140 4
3141 4
3142 4
3143 4
3144 4
3145 4
3146 4
3147 4
3148 4
3149 4
3150 4
3151 4
3152 4
3153 4
3154 4
3155 4
3156 4
3157 4
3158 4
3159 4
3160 4
3161 4
3162 4
3163 4
3164 4
3165 4
3166 4
3167 4
3168 4
3169 4
3170 4
3171 4
3172 4
3173 4
3174 4
3175 4
3176 4
3177 4
3178 4
3179 4
3180 4
3181 4
3182 4
3183 4
3184 4
3185 4
3186 4
3187 4
3188 4
3189 4
3190 4
3191 4
3192 4
3193 4
3194 4
3195 4
3196 4
3197 4
3198 4
3199 4
3200 4
3201 4
3202 4
3203 4
3204 4
3205 4
3206 4
3207 4
3208 4
3209 4
3210 4
3211 4
3212 4
3213 4
3214 4
3215 4
3216 4
3217 4
3218 4
3219 4
3220 4
3221 4
3222 4
3223 4
3224 4
3225 4
3226 4
3227 4
3228 4
3229 4
3230 4
3231 4
3232 4
3233 4
3234 4
3235 4
3236 4
3237 4
3238 4
3239 4
3240 4
3241 4
3242 4
3243 4
3244 4
3245 4
3246 4
3247 4
3248 4
3249 4
3250 4
3251 4
3252 4
3253 4
3254 4
3255 4
3256 4
3257 4
3258 4
3259 4
3260 4
3261 4
3262 4
3263 4
3264 4
3265 4
3266 4
3267 4
3268 4
3269 4
3270 4
3271 4
3272 4
3273 4
3274 4
3275 4
3276 4
3277 4
3278 4
3279 4
3280 4
3281 4
3282 4
3283 4
3284 4
3285 4
3286 4
3287 4
3288 4
3289 4
3290 4
3291 4
3292 4
3293 4
3294 4
3295 4
3296 4
3297 4
3298 4
3299 4
3300 4
3301 4
3302 4
3303 4
3304 4
3305 4
3306 4
3307 4
3308 4
3309 4
3310 4
3311 4
3312 4
3313 4
3314 4
3315 4
3316 4
3317 4
3318 4
3319 4
3320 4
3321 4
3322 4
3323 4
3324 4
3325 4
3326 4
3327 4
3328 4
3329 4
3330 4
3331 4
3332 4
3333 4
3334 4
3335 4
3336 4
3337 4
3338 4
3339 4
3340 4
3341 4
3342 4
3343 4
3344 4
3345 4
3346 4
3347 4
3348 4
3349 4
3350 4
3351 4
3352 4
3353 4
3354 4
3355 4
3356 4
3357 4
3358 4
3359 4
3360 4
3361 4
3362 4
3363 4
3364 4
3365 4
3366 4
3367 4
3368 4
3369 4
3370 4
3371 4
3372 4
3373 4
3374 4
3375 4
3376 4
3377 4
3378 4
3379 4
3380 4
3381 4
3382 4
3383 4
3384 4
3385 4
3386 4
3387 4
3388 4
3389 4
3390 4
3391 4
3392 4
3393 4
3394 4
3395 4
3396 4
3397 4
3398 4
3399 4
3400 4
3401 4
3402 4
3403 4
3404 4
3405 4
3406 4
3407 4
3408 4
3409 4
3410 4
3411 4
3412 4
3413 4
3414 4
3415 4
3416 4
3417 4
3418 4
3419 4
3420 4
3421 4
3422 4
3423 4
3424 4
3425 4
3426 4
3427 4
3428 4
3429 4
3430 4
3431 4
3432 4
3433 4
3434 4
3435 4
3436 4
3437 4
3438 4
3439 4
3440 4
3441 4
3442 4
3443 4
3444 4
3445 4
3446 4
3447 4
3448 4
3449 4
3450 4
3451 4
3452 4
3453 4
3454 4
3455 4
3456 4
3457 4
3458 4
3459 4
3460 4
3461 4
3462 4
3463 4
3464 4
3465 4
3466 4
3467 4
3468 4
3469 4
3470 4
3471 4
3472 4
3473 4
3474 4
3475 4
3476 4
3477 4
3478 4
3479 4
3480 4
3481 4
3482 4
3483 4
3484 4
3485 4
3486 4
3487 4
3488 4
3489 4
3490 4
3491 4
3492 4
3493 4
3494 4
3495 4
3496 4
3497 4
3498 4
3499 4
3500 4
3501 4
3502 4
3503 4
3504 4
3505 4
3506 4
3507 4
3508 4
3509 4
3510 4
3511 4
3512 4
3513 4
3514 4
3515 4
3516 4
3517 4
3518 4
3519 4
3520 4
3521 4
3522 4
3523 4
3524 4
3525 4
3526 4
3527 4
3528 4
3529 4
3530 4
3531 4
3532 4
3533 4
3534 4
3535 4
3536 4
3537 4
3538 4
3539 4
3540 4
3541 4
3542 4
3543 4
3544 4
3545 4
3546 4
3547 4
3548 4
3549 4
3550 4
3551 4
3552 4
3553 4
3554 4
3555 4
3556 4
3557 4
3558 4
3559 4
3560 4
3561 4
3562 4
3563 4
3564 4
3565 4
3566 4
3567 4
3568 4
3569 4
3570 4
3571 4
3572 4
3573 4
3574 4
3575 4
3576 4
3577 4
3578 4
3579 4
3580 4
3581 4
3582 4
3583 4
3584 4
3585 4
3586 4
3587 4
3588 4
3589 4
3590 4
3591 4
3592 4
3593 4
3594 4
3595 4
3596 4
3597 4
3598 4
3599 4
3600 4
3601 4
3602 4
3603 4
3604 4
3605 4
3606 4
3607 4
3608 4
3609 4
3610 4
3611 4
3612 4
3613 4
3614 4
3615 4
3616 4
3617 4
3618 4
3619 4
3620 4
3621 4
3622 4
3623 4
3624 4
3625 4
3626 4
3627 4
3628 4
3629 4
3630 4
3631 4
3632 4
3633 4
3634 4
3635 4
3636 4
3637 4
3638 4
3639 4
3640 4
3641 4
3642 4
3643 4
3644 4
3645 4
3646 4
3647 4
3648 4
3649 4
3650 4
3651 4
3652 4
3653 4
3654 4
3655 4
3656 4
3657 4
3658 4
3659 4
3660 4
3661 4
3662 4
3663 4
3664 4
3665 4
3666 4
3667 4
3668 4
3669 4
3670 4
3671 4
3672 4
3673 4
3674 4
3675 4
3676 4
3677 4
3678 4
3679 4
3680 4
3681 4
3682 4
3683 4
3684 4
3685 4
3686 4
3687 4
3688 4
3689 4
3690 4
3691 4
3692 4
3693 4
3694 4
3695 4
3696 4
3697 4
3698 4
3699 4
3700 4
3701 4
3702 4
3703 4
3704 4
3705 4
3706 4
3707 4
3708 4
3709 4
3710 4
3711 4
3712 4
3713 4
3714 4
3715 4
3716 4
3717 4
3718 4
3719 4
3720 4
3721 4
3722 4
3723 4
3724 4
3725 4
3726 4
3727 4
3728 4
3729 4
3730 4
3731 4
3732 4
3733 4
3734 4
3735 4
3736 4
3737 4
3738 4
3739 4
3740 4
3741 4
3742 4
3743 4
3744 4
3745 4
3746 4
3747 4
3748 4
3749 4
3750 4
3751 4
3752 4
3753 4
3754 4
3755 4
3756 4
3757 4
3758 4
3759 4
3760 4
3761 4
3762 4
3763 4
3764 4
3765 4
3766 4
3767 4
3768 4
3769 4
3770 4
3771 4
3772 4
3773 4
3774 4
3775 4
3776 4
3777 4
3778 4
3779 4
3780 4
3781 4
3782 4
3783 4
3784 4
3785 4
3786 4
3787 4
3788 4
3789 4
3790 4
3791 4
3792 4
3793 4
3794 4
3795 4
3796 4
3797 4
3798 4
3799 4
3800 4
3801 4
3802 4
3803 4
3804 4
3805 4
3806 4
3807 4
3808 4
3809 4
3810 4
3811 4
3812 4
3813 4
3814 4
3815 4
3816 4
3817 4
3818 4
3819 4
3820 4
3821 4
3822 4
3823 4
3824 4
3825 4
3826 4
3827 4
3828 4
3829 4
3830 4
3831 4
3832 4
3833 4
3834 4
3835 4
3836 4
3837 4
3838 4
3839 4
3840 4
3841 4
3842 4
3843 4
3844 4
3845 4
3846 4
3847 4
3848 4
3849 4
3850 4
3851 4
3852 4
3853 4
3854 4
3855 4
3856 4
3857 4
3858 4
3859 4
3860 4
3861 4
3862 4
3863 4
3864 4
3865 4
3866 4
3867 4
3868 4
3869 4
3870 4
3871 4
3872 4
3873 4
3874 4
3875 4
3876 4
3877 4
3878 4
3879 4
3880 4
3881 4
3882 4
3883 4
3884 4
3885 4
3886 4
3887 4
3888 4
3889 4
3890 4
3891 4
3892 4
3893 4
3894 4
3895 4
3896 4
3897 4
3898 4
3899 4
3900 4
3901 4
3902 4
3903 4
3904 4
3905 4
3906 4
3907 4
3908 4
3909 4
3910 4
3911 4
3912 4
3913 4
3914 4
3915 4
3916 4
3917 4
3918 4
3919 4
3920 4
3921 4
3922 4
3923 4
3924 4
3925 4
3926 4
3927 4
3928 4
3929 4
3930 4
3931 4
3932 4
3933 4
3934 4
3935 4
3936 4
3937 4
3938 4
3939 4
3940 4
3941 4
3942 4
3943 4
3944 4
3945 4
3946 4
3947 4
3948 4
3949 4
3950 4
3951 4
3952 4
3953 4
3954 4
3955 4
3956 4
3957 4
3958 4
3959 4
3960 4
3961 4
3962 4
3963 4
3964 4
3965 4
3966 4
3967 4
3968 4
3969 4
3970 4
3971 4
3972 4
3973 4
3974 4
3975 4
3976 4
3977 4
3978 4
3979 4
3980 4
3981 4
3982 4
3983 4
3984 4
3985 4
3986 4
3987 4
3988 4
3989 4
3990 4
3991 4
3992 4
3993 4
3994 4
3995 4
3996 4
3997 4
3998 4
3999 4
4000 4
4001 4
4002 4
4003 4
4004 4
4005 4
4006 4
4007 4
4008 4
4009 4
4010 4
4011 4
4012 4
4013 4
4014 4
4015 4
4016 4
4017 4
4018 4
4019 4
4020 4
4021 4
4022 4
4023 4
4024 4
4025 4
4026 4
4027 4
4028 4
4029 4
4030 4
4031 4
4032 4
4033 4
4034 4
4035 4
4036 4
4037 4
4038 4
4039 4
4040 4
4041 4
4042 4
4043 4
4044 4
4045 4
4046 4
4047 4
4048 4
4049 4
4050 4
4051 4
4052 4
4053 4
4054 4
4055 4
4056 4
4057 4
4058 4
4059 4
4060 4
4061 4
4062 4
4063 4
4064 4
4065 4
4066 4
4067 4
4068 4
4069 4
4070 4
4071 4
4072 4
4073 4
4074 4
4075 4
4076 4
4077 4
4078 4
4079 4
4080 4
4081 4
4082 4
4083 4
4084 4
4085 4
4086 4
4087 4
4088 4
4089 4
4090 4
4091 4
4092 4
4093 4
4094 4
4095 4
4096 4
4097 4
4098 4
4099 4
4100 4
4101 4
4102 4
4103 4
4104 4
4105 4
4106 4
4107 4
4108 4
4109 4
4110 4
4111 4
4112 4
4113 4
4114 4
4115 4
4116 4
4117 4
4118 4
4119 4
4120 4
4121 4
4122 4
4123 4
4124 4
4125 4
4126 4
4127 4
4128 4
4129 4
4130 4
4131 4
4132 4
4133 4
4134 4
4135 4
4136 4
4137 4
4138 4
4139 4
4140 4
4141 4
4142 4
4143 4
4144 4
4145 4
4146 4
4147 4
4148 4
4149 4
4150 4
4151 4
4152 4
4153 4
4154 4
4155 4
4156 4
4157 4
4158 4
4159 4
4160 4
4161 4
4162 4
4163 4
4164 4
4165 4
4166 4
4167 4
4168 4
4169 4
4170 4
4171 4
4172 4
4173 4
4174 4
4175 4
4176 4
4177 4
4178 4
4179 4
4180 4
4181 4
4182 4
4183 4
4184 4
4185 4
4186 4
4187 4
4188 4
4189 4
4190 4
4191 4
4192 4
4193 4
4194 4
4195 4
4196 4
4197 4
4198 4
4199 4
4200 4
4201 4
4202 4
4203 4
4204 4
4205 4
4206 4
4207 4
4208 4
4209 4
4210 4
4211 4
4212 4
4213 4
4214 4
4215 4
4216 4
4217 4
4218 4
4219 4
4220 4
4221 4
4222 4
4223 4
4224 4
4225 4
4226 4
4227 4
4228 4
4229 4
4230 4
4231 4
4232 4
4233 4
4234 4
4235 4
4236 4
4237 4
4238 4
4239 4
4240 4
4241 4
4242 4
4243 4
4244 4
4245 4
4246 4
4247 4
4248 4
4249 4
4250 4
4251 4
4252 4
4253 4
4254 4
4255 4
4256 4
4257 4
4258 4
4259 4
4260 4
4261 4
4262 4
4263 4
4264 4
4265 4
4266 4
4267 4
4268 4
4269 4
4270 4
4271 4
4272 4
4273 4
4274 4
4275 4
4276 4
4277 4
4278 4
4279 4
4280 4
4281 4
4282 4
4283 4
4284 4
4285 4
4286 4
4287 4
4288 4
4289 4
4290 4
4291 4
4292 4
4293 4
4294 4
4295 4
4296 4
4297 4
4298 4
4299 4
4300 4
4301 4
4302 4
4303 4
4304 4
4305 4
4306 4
4307 4
4308 4
4309 4
4310 4
4311 4
4312 4
4313 4
4314 4
4315 4
4316 4
4317 4
4318 4
4319 4
4320 4
4321 4
4322 4
4323 4
4324 4
4325 4
4326 4
4327 4
4328 4
4329 4
4330 4
4331 4
4332 4
4333 4
4334 4
4335 4
4336 4
4337 4
4338 4
4339 4
4340 4
4341 4
4342 4
4343 4
4344 4
4345 4
4346 4
4347 4
4348 4
4349 4
4350 4
4351 4
4352 4
4353 4
4354 4
4355 4
4356 4
4357 4
4358 4
4359 4
4360 4
4361 4
4362 4
4363 4
4364 4
4365 4
4366 4
4367 4
4368 4
4369 4
4370 4
4371 4
4372 4
4373 4
4374 4
4375 4
4376 4
4377 4
4378 4
4379 4
4380 4
4381 4
4382 4
4383 4
4384 4
4385 4
4386 4
4387 4
4388 4
4389 4
4390 4
4391 4
4392 4
4393 4
4394 4
4395 4
4396 4
4397 4
4398 4
4399 4
4400 4
4401 4
4402 4
4403 4
4404 4
4405 4
4406 4
4407 4
4408 4
4409 4
4410 4
4411 4
4412 4
4413 4
4414 4
4415 4
4416 4
4417 4
4418 4
4419 4
4420 4
4421 4
4422 4
4423 4
4424 4
4425 4
4426 4
4427 4
4428 4
4429 4
4430 4
4431 4
4432 4
4433 4
4434 4
4435 4
4436 4
4437 4
4438 4
4439 4
4440 4
4441 4
4442 4
4443 4
4444 4
4445 4
4446 4
4447 4
4448 4
4449 4
4450 4
4451 4
4452 4
4453 4
4454 4
4455 4
4456 4
4457 4
4458 4
4459 4
4460 4
4461 4
4462 4
4463 4
4464 4
4465 4
4466 4
4467 4
4468 4
4469 4
4470 4
4471 4
4472 4
4473 4
4474 4
4475 4
4476 4
4477 4
4478 4
4479 4
4480 4
4481 4
4482 4
4483 4
4484 4
4485 4
4486 4
4487 4
4488 4
4489 4
4490 4
4491 4
4492 4
4493 4
4494 4
4495 4
4496 4
4497 4
4498 4
4499 4
4500 4
4501 4
4502 4
4503 4
4504 4
4505 4
4506 4
4507 4
4508 4
4509 4
4510 4
4511 4
4512 4
4513 4
4514 4
4515 4
4516 4
4517 4
4518 4
4519 4
4520 4
4521 4
4522 4
4523 4
4524 4
4525 4
4526 4
4527 4
4528 4
4529 4
4530 4
4531 4
4532 4
4533 4
4534 4
4535 4
4536 4
4537 4
4538 4
4539 4
4540 4
4541 4
4542 4
4543 4
4544 4
4545 4
4546 4
4547 4
4548 4
4549 4
4550 4
4551 4
4552 4
4553 4
4554 4
4555 4
4556 4
4557 4
4558 4
4559 4
4560 4
4561 4
4562 4
4563 4
4564 4
4565 4
4566 4
4567 4
4568 4
4569 4
4570 4
4571 4
4572 4
4573 4
4574 4
4575 4
4576 4
4577 4
4578 4
4579 4
4580 4
4581 4
4582 4
4583 4
4584 4
4585 4
4586 4
4587 4
4588 4
4589 4
4590 4
4591 4
4592 4
4593 4
4594 4
4595 4
4596 4
4597 4
4598 4
4599 4
4600 4
4601 4
4602 4
4603 4
4604 4
4605 4
4606 4
4607 4
4608 4
4609 4
4610 4
4611 4
4612 4
4613 4
4614 4
4615 4
4616 4
4617 4
4618 4
4619 4
4620 4
4621 4
4622 4
4623 4
4624 4
4625 4
4626 4
4627 4
4628 4
4629 4
4630 4
4631 4
4632 4
4633 4
4634 4
4635 4
4636 4
4637 4
4638 4
4639 4
4640 4
4641 4
4642 4
4643 4
4644 4
4645 4
4646 4
4647 4
4648 4
4649 4
4650 4
4651 4
4652 4
4653 4
4654 4
4655 4
4656 4
4657 4
4658 4
4659 4
4660 4
4661 4
4662 4
4663 4
4664 4
4665 4
4666 4
4667 4
4668 4
4669 4
4670 4
4671 4
4672 4
4673 4
4674 4
4675 4
4676 4
4677 4
4678 4
4679 4
4680 4
4681 4
4682 4
4683 4
4684 4
4685 4
4686 4
4687 4
4688 4
4689 4
4690 4
4691 4
4692 4
4693 4
4694 4
4695 4
4696 4
4697 4
4698 4
4699 4
4700 4
4701 4
4702 4
4703 4
4704 4
4705 4
4706 4
4707 4
4708 4
4709 4
4710 4
4711 4
4712 4
4713 4
4714 4
4715 4
4716 4
4717 4
4718 4
4719 4
4720 4
4721 4
4722 4
4723 4
4724 4
4725 4
4726 4
4727 4
4728 4
4729 4
4730 4
4731 4
4732 4
4733 4
4734 4
4735 4
4736 4
4737 4
4738 4
4739 4
4740 4
4741 4
4742 4
4743 4
4744 4
4745 4
4746 4
4747 4
4748 4
4749 4
4750 4
4751 4
4752 4
4753 4
4754 4
4755 4
4756 4
4757 4
4758 4
4759 4
4760 4
4761 4
4762 4
4763 4
4764 4
4765 4
4766 4
4767 4
4768 4
4769 4
4770 4
4771 4
4772 4
4773 4
4774 4
4775 4
4776 4
4777 4
4778 4
4779 4
4780 4
4781 4
4782 4
4783 4
4784 4
4785 4
4786 4
4787 4
4788 4
4789 4
4790 4
4791 4
4792 4
4793 4
4794 4
4795 4
4796 4
4797 4
4798 4
4799 4
4800 4
4801 4
4802 4
4803 4
4804 4
4805 4
4806 4
4807 4
4808 4
4809 4
4810 4
4811 4
4812 4
4813 4
4814 4
4815 4
4816 4
4817 4
4818 4
4819 4
4820 4
4821 4
4822 4
4823 4
4824 4
4825 4
4826 4
4827 4
4828 4
4829 4
4830 4
4831 4
4832 4
4833 4
4834 4
4835 4
4836 4
4837 4
4838 4
4839 4
4840 4
4841 4
4842 4
4843 4
4844 4
4845 4
4846 4
4847 4
4848 4
4849 4
4850 4
4851 4
4852 4
4853 4
4854 4
4855 4
4856 4
4857 4
4858 4
4859 4
4860 4
4861 4
4862 4
4863 4
4864 4
4865 4
4866 4
4867 4
4868 4
4869 4
4870 4
4871 4
4872 4
4873 4
4874 4
4875 4
4876 4
4877 4
4878 4
4879 4
4880 4
4881 4
4882 4
4883 4
4884 4
4885 4
4886 4
4887 4
4888 4
4889 4
4890 4
4891 4
4892 4
4893 4
4894 4
4895 4
4896 4
4897 4
4898 4
4899 4
4900 4
4901 4
4902 4
4903 4
4904 4
4905 4
4906 4
4907 4
4908 4
4909 4
4910 4
4911 4
4912 4
4913 4
4914 4
4915 4
4916 4
4917 4
4918 4
4919 4
4920 4
4921 4
4922 4
4923 4
4924 4
4925 4
4926 4
4927 4
4928 4
4929 4
4930 4
4931 4
4932 4
4933 4
4934 4
4935 4
4936 4
4937 4
4938 4
4939 4
4940 4
4941 4
4942 4
4943 4
4944 4
4945 4
4946 4
4947 4
4948 4
4949 4
4950 4
4951 4
4952 4
4953 4
4954 4
4955 4
4956 4
4957 4
4958 4
4959 4
4960 4
4961 4
4962 4
4963 4
4964 4
4965 4
4966 4
4967 4
4968 4
4969 4
4970 4
4971 4
4972 4
4973 4
4974 4
4975 4
4976 4
4977 4
4978 4
4979 4
4980 4
4981 4
4982 4
4983 4
4984 4
4985 4
4986 4
4987 4
4988 4
4989 4
4990 4
4991 4
4992 4
4993 4
4994 4
4995 4
4996 4
4997 4
4998 4
4999 4
5000 4
5001 4
5002 4
5003 4
5004 4
5005 4
5006 4
5007 4
5008 4
5009 4
5010 4
5011 4
5012 4
5013 4
5014 4
5015 4
5016 4
5017 4
5018 4
5019 4
5020 4
5021 4
5022 4
5023 4
5024 4
5025 4
5026 4
5027 4
5028 4
5029 4
5030 4
5031 4
5032 4
5033 4
5034 4
5035 4
5036 4
5037 4
5038 4
5039 4
5040 4
5041 4
5042 4
5043 4
5044 4
5045 4
5046 4
5047 4
5048 4
5049 4
5050 4
5051 4
5052 4
5053 4
5054 4
5055 4
5056 4
5057 4
5058 4
5059 4
5060 4
5061 4
5062 4
5063 4
5064 4
5065 4
5066 4
5067 4
5068 4
5069 4
5070 4
5071 4
5072 4
5073 4
5074 4
5075 4
5076 4
5077 4
5078 4
5079 4
5080 4
5081 4
5082 4
5083 4
5084 4
5085 4
5086 4
5087 4
5088 4
5089 4
5090 4
5091 4
5092 4
5093 4
5094 4
5095 4
5096 4
5097 4
5098 4
5099 4
5100 4
5101 4
5102 4
5103 4
5104 4
5105 4
5106 4
5107 4
5108 4
5109 4
5110 4
5111 4
5112 4
5113 4
5114 4
5115 4
5116 4
5117 4
5118 4
5119 4
5120 4
5121 4
5122 4
5123 4
5124 4
5125 4
5126 4
5127 4
5128 4
5129 4
5130 4
5131 4
5132 4
5133 4
5134 4
5135 4
5136 4
5137 4
5138 4
5139 4
5140 4
5141 4
5142 4
5143 4
5144 4
5145 4
5146 4
5147 4
5148 4
5149 4
5150 4
5151 4
5152 4
5153 4
5154 4
5155 4
5156 4
5157 4
5158 4
5159 4
5160 4
5161 4
5162 4
5163 4
5164 4
5165 4
5166 4
5167 4
5168 4
5169 4
5170 4
5171 4
5172 4
5173 4
5174 4
5175 4
5176 4
5177 4
5178 4
5179 4
5180 4
5181 4
5182 4
5183 4
5184 4
5185 4
5186 4
5187 4
5188 4
5189 4
5190 4
5191 4
5192 4
5193 4
5194 4
5195 4
5196 4
5197 4
5198 4
5199 4
5200 4
5201 4
5202 4
5203 4
5204 4
5205 4
5206 4
5207 4
5208 4
5209 4
5210 4
5211 4
5212 4
5213 4
5214 4
5215 4
5216 4
5217 4
5218 4
5219 4
5220 4
5221 4
5222 4
5223 4
5224 4
5225 4
5226 4
5227 4
5228 4
5229 4
5230 4
5231 4
5232 4
5233 4
5234 4
5235 4
5236 4
5237 4
5238 4
5239 4
5240 4
5241 4
5242 4
5243 4
5244 4
5245 4
5246 4
5247 4
5248 4
5249 4
5250 4
5251 4
5252 4
5253 4
5254 4
5255 4
5256 4
5257 4
5258 4
5259 4
5260 4
5261 4
5262 4
5263 4
5264 4
5265 4
5266 4
5267 4
5268 4
5269 4
5270 4
5271 4
5272 4
5273 4
5274 4
5275 4
5276 4
5277 4
5278 4
5279 4
5280 4
5281 4
5282 4
5283 4
5284 4
5285 4
5286 4
5287 4
5288 4
5289 4
5290 4
5291 4
5292 4
5293 4
5294 4
5295 4
5296 4
5297 4
5298 4
5299 4
5300 4
5301 4
5302 4
5303 4
5304 4
5305 4
5306 4
5307 4
5308 4
5309 4
5310 4
5311 4
5312 4
5313 4
5314 4
5315 4
5316 4
5317 4
5318 4
5319 4
5320 4
5321 4
5322 4
5323 4
5324 4
5325 4
5326 4
5327 4
5328 4
5329 4
5330 4
5331 4
5332 4
5333 4
5334 4
5335 4
5336 4
5337 4
5338 4
5339 4
5340 4
5341 4
5342 4
5343 4
5344 4
5345 4
5346 4
5347 4
5348 4
5349 4
5350 4
5351 4
5352 4
5353 4
5354 4
5355 4
5356 4
5357 4
5358 4
5359 4
5360 4
5361 4
5362 4
5363 4
5364 4
5365 4
5366 4
5367 4
5368 4
5369 4
5370 4
5371 4
5372 4
5373 4
5374 4
5375 4
5376 4
5377 4
5378 4
5379 4
5380 4
5381 4
5382 4
5383 4
5384 4
5385 4
5386 4
5387 4
5388 4
5389 4
5390 4
5391 4
5392 4
5393 4
5394 4
5395 4
5396 4
5397 4
5398 4
5399 4
5400 4
5401 4
5402 4
5403 4
5404 4
5405 4
5406 4
5407 4
5408 4
5409 4
5410 4
5411 4
5412 4
5413 4
5414 4
5415 4
5416 4
5417 4
5418 4
5419 4
5420 4
5421 4
5422 4
5423 4
5424 4
5425 4
5426 4
5427 4
5428 4
5429 4
5430 4
5431 4
5432 4
5433 4
5434 4
5435 4
5436 4
5437 4
5438 4
5439 4
5440 4
5441 4
5442 4
5443 4
5444 4
5445 4
5446 4
5447 4
5448 4
5449 4
5450 4
5451 4
5452 4
5453 4
5454 4
5455 4
5456 4
5457 4
5458 4
5459 4
5460 4
5461 4
5462 4
5463 4
5464 4
5465 4
5466 4
5467 4
5468 4
5469 4
5470 4
5471 4
5472 4
5473 4
5474 4
5475 4
5476 4
5477 4
5478 4
5479 4
5480 4
5481 4
5482 4
5483 4
5484 4
5485 4
5486 4
5487 4
5488 4
5489 4
5490 4
5491 4
5492 4
5493 4
5494 4
5495 4
5496 4
5497 4
5498 4
5499 4
5500 4
5501 4
5502 4
5503 4
5504 4
5505 4
5506 4
5507 4
5508 4
5509 4
5510 4
5511 4
5512 4
5513 4
5514 4
5515 4
5516 4
5517 4
5518 4
5519 4
5520 4
5521 4
5522 4
5523 4
5524 4
5525 4
5526 4
5527 4
5528 4
5529 4
5530 4
5531 4
5532 4
5533 4
5534 4
5535 4
5536 4
5537 4
5538 4
5539 4
5540 4
5541 4
5542 4
5543 4
5544 4
5545 4
5546 4
5547 4
5548 4
5549 4
5550 4
5551 4
5552 4
5553 4
5554 4
5555 4
5556 4
5557 4
5558 4
5559 4
5560 4
5561 4
5562 4
5563 4
5564 4
5565 4
5566 4
5567 4
5568 4
5569 4
5570 4
5571 4
5572 4
5573 4
5574 4
5575 4
5576 4
5577 4
5578 4
5579 4
5580 4
5581 4
5582 4
5583 4
5584 4
5585 4
5586 4
5587 4
5588 4
5589 4
5590 4
5591 4
5592 4
5593 4
5594 4
5595 4
5596 4
5597 4
5598 4
5599 4
5600 4
5601 4
5602 4
5603 4
5604 4
5605 4
5606 4
5607 4
5608 4
5609 4
5610 4
5611 4
5612 4
5613 4
5614 4
5615 4
5616 4
5617 4
5618 4
5619 4
5620 4
5621 4
5622 4
5623 4
5624 4
5625 4
5626 4
5627 4
5628 4
5629 4
5630 4
5631 4
5632 4
5633 4
5634 4
5635 4
5636 4
5637 4
5638 4
5639 4
5640 4
5641 4
5642 4
5643 4
5644 4
5645 4
5646 4
5647 4
5648 4
5649 4
5650 4
5651 4
5652 4
5653 4
5654 4
5655 4
5656 4
5657 4
5658 4
5659 4
5660 4
5661 4
5662 4
5663 4
5664 4
5665 4
5666 4
5667 4
5668 4
5669 4
5670 4
5671 4
5672 4
5673 4
5674 4
5675 4
5676 4
5677 4
5678 4
5679 4
5680 4
5681 4
5682 4
5683 4
5684 4
5685 4
5686 4
5687 4
5688 4
5689 4
5690 4
5691 4
5692 4
5693 4
5694 4
5695 4
5696 4
5697 4
5698 4
5699 4
5700 4
5701 4
5702 4
5703 4
5704 4
5705 4
5706 4
5707 4
5708 4
5709 4
5710 4
5711 4
5712 4
5713 4
5714 4
5715 4
5716 4
5717 4
5718 4
5719 4
5720 4
5721 4
5722 4
5723 4
5724 4
5725 4
5726 4
5727 4
5728 4
5729 4
5730 4
5731 4
5732 4
5733 4
5734 4
5735 4
5736 4
5737 4
5738 4
5739 4
5740 4
5741 4
5742 4
5743 4
5744 4
5745 4
5746 4
5747 4
5748 4
5749 4
5750 4
5751 4
5752 4
5753 4
5754 4
5755 4
5756 4
5757 4
5758 4
5759 4
5760 4
5761 4
5762 4
5763 4
5764 4
5765 4
5766 4
5767 4
5768 4
5769 4
5770 4
5771 4
5772 4
5773 4
5774 4
5775 4
5776 4
5777 4
5778 4
5779 4
5780 4
5781 4
5782 4
5783 4
5784 4
5785 4
5786 4
5787 4
5788 4
5789 4
5790 4
5791 4
5792 4
5793 4
5794 4
5795 4
5796 4
5797 4
5798 4
5799 4
5800 4
5801 4
5802 4
5803 4
5804 4
5805 4
5806 4
5807 4
5808 4
5809 4
5810 4
5811 4
5812 4
5813 4
5814 4
5815 4
5816 4
5817 4
5818 4
5819 4
5820 4
5821 4
5822 4
5823 4
5824 4
5825 4
5826 4
5827 4
5828 4
5829 4
5830 4
5831 4
5832 4
5833 4
5834 4
5835 4
5836 4
5837 4
5838 4
5839 4
5840 4
5841 4
5842 4
5843 4
5844 4
5845 4
5846 4
5847 4
5848 4
5849 4
5850 4
5851 4
5852 4
5853 4
5854 4
5855 4
5856 4
5857 4
5858 4
5859 4
5860 4
5861 4
5862 4
5863 4
5864 4
5865 4
5866 4
5867 4
5868 4
5869 4
5870 4
5871 4
5872 4
5873 4
5874 4
5875 4
5876 4
5877 4
5878 4
5879 4
5880 4
5881 4
5882 4
5883 4
5884 4
5885 4
5886 4
5887 4
5888 4
5889 4
5890 4
5891 4
5892 4
5893 4
5894 4
5895 4
5896 4
5897 4
5898 4
5899 4
5900 4
5901 4
5902 4
5903 4
5904 4
5905 4
5906 4
5907 4
5908 4
5909 4
5910 4
5911 4
5912 4
5913 4
5914 4
5915 4
5916 4
5917 4
5918 4
5919 4
5920 4
5921 4
5922 4
5923 4
5924 4
5925 4
5926 4
5927 4
5928 4
5929 4
5930 4
5931 4
5932 4
5933 4
5934 4
5935 4
5936 4
5937 4
5938 4
5939 4
5940 4
5941 4
5942 4
5943 4
5944 4
5945 4
5946 4
5947 4
5948 4
5949 4
5950 4
5951 4
5952 4
5953 4
5954 4
5955 4
5956 4
5957 4
5958 4
5959 4
5960 4
5961 4
5962 4
5963 4
5964 4
5965 4
5966 4
5967 4
5968 4
5969 4
5970 4
5971 4
5972 4
5973 4
5974 4
5975 4
5976 4
5977 4
5978 4
5979 4
5980 4
5981 4
5982 4
5983 4
5984 4
5985 4
5986 4
5987 4
5988 4
5989 4
5990 4
5991 4
5992 4
5993 4
5994 4
5995 4
5996 4
5997 4
5998 4
5999 4
6000 4
6001 4
6002 4
6003 4
6004 4
6005 4
6006 4
6007 4
6008 4
6009 4
6010 4
6011 4
6012 4
6013 4
6014 4
6015 4
6016 4
6017 4
6018 4
6019 4
6020 4
6021 4
6022 4
6023 4
6024 4
6025 4
6026 4
6027 4
6028 4
6029 4
6030 4
6031 4
6032 4
6033 4
6034 4
6035 4
6036 4
6037 4
6038 4
6039 4
6040 4
6041 4
6042 4
6043 4
6044 3
6045 3
6046 3
6047 3
6048 3
6049 3
6050 3
6051 3
6052 3
6053 3
6054 3
6055 3
6056 3
6057 3
6058 3
6059 3
6060 3
6061 3
6062 3
6063 3
6064 3
6065 3
6066 3
6067 3
6068 3
6069 3
6070 3
6071 3
6072 3
6073 3
6074 3
6075 3
6076 3
6077 3
6078 3
6079 3
6080 3
6081 3
6082 3
6083 3
6084 3
6085 3
6086 3
6087 3
6088 3
6089 3
6090 3
6091 3
6092 3
6093 3
6094 3
6095 3
6096 3
6097 3
6098 3
6099 3
6100 3
6101 3
6102 3
6103 3
6104 3
6105 3
6106 3
6107 3
6108 3
6109 3
6110 3
6111 3
6112 3
6113 3
6114 3
6115 3
6116 3
6117 3
6118 3
6119 3
6120 3
6121 3
6122 3
6123 3
6124 3
6125 3
6126 3
6127 3
6128 3
6129 3
6130 3
6131 3
6132 3
6133 3
6134 3
6135 3
6136 3
6137 3
6138 3
6139 3
6140 3
6141 3
6142 3
6143 3
6144 3
6145 3
6146 3
6147 3
6148 3
6149 3
6150 3
6151 3
6152 3
6153 3
6154 3
6155 3
6156 3
6157 3
6158 3
6159 3
6160 3
6161 3
6162 3
6163 3
6164 3
6165 3
6166 3
6167 3
6168 3
6169 3
6170 3
6171 3
6172 3
6173 3
6174 3
6175 3
6176 4
6177 4
6178 4
6179 4
6180 4
6181 4
6182 4
6183 4
6184 4
6185 4
6186 5
6187 4
6188 4
6189 4
6190 4
6191 4
6192 4
6193 4
6194 4
6195 4
6196 4
6197 4
6198 4
